5
194 362
104 94
119 115
75 134
173 103
174 118
19 27
64 144
58 43
112 62
122 111
45 100
55 63
159 192
183 62
23 120
10 26
12 143
90 83
91 107
82 19
176 94
128 151
147 15
153 78
149 81
10 100
99 166
105 35
75 65
187 88
4 46
37 36
112 35
46 107
64 116
132 67
167 190
167 23
2 103
78 158
76 135
3 183
5 36
87 121
20 52
144 186
34 35
163 6
29 146
18 29
132 44
117 183
55 61
0 113
8 49
171 47
30 15
40 129
185 61
140 49
162 57
163 83
183 104
139 175
15 141
111 31
29 26
97 87
114 6
122 115
62 82
191 56
161 84
182 56
20 57
60 32
184 12
72 92
164 90
172 55
165 40
30 56
186 42
37 71
169 35
52 78
125 127
164 19
87 110
122 28
77 115
34 67
171 153
52 138
3 175
45 118
176 40
176 168
187 80
179 40
23 157
136 114
22 25
149 30
7 117
187 32
44 84
16 29
34 150
44 134
145 42
184 118
116 140
114 68
163 186
101 140
33 180
173 175
18 10
123 21
133 152
170 23
159 113
2 136
36 193
0 101
20 115
59 42
9 137
167 181
142 110
95 141
64 9
46 141
105 190
23 68
172 84
191 140
15 143
143 193
45 138
181 62
149 153
166 82
153 83
162 36
161 165
160 175
135 100
66 153
176 63
117 39
80 120
6 146
182 27
5 76
171 81
155 150
89 67
144 190
60 72
1 7
175 32
36 80
114 130
91 69
125 78
103 92
115 177
1 166
160 146
187 184
8 25
48 78
13 63
12 121
34 174
170 87
45 175
57 43
76 119
20 85
58 135
144 182
12 134
84 98
154 151
191 79
170 41
192 83
164 22
81 97
46 23
7 153
191 21
164 127
108 44
71 179
160 81
16 156
160 13
140 111
104 154
184 155
149 169
101 130
145 49
96 150
132 123
87 114
78 61
63 72
191 61
182 38
1 24
71 38
31 32
114 177
89 55
24 65
122 158
58 169
160 142
191 82
5 40
173 187
34 138
6 102
70 124
36 92
24 130
104 140
16 142
30 29
171 123
11 104
75 180
185 63
171 190
8 9
86 17
122 183
181 21
144 0
126 158
155 73
108 27
45 98
182 86
134 98
175 60
133 123
15 190
132 109
25 54
71 130
170 183
45 136
166 135
176 101
164 128
192 103
82 107
37 9
154 76
16 107
159 186
132 158
174 22
121 138
142 91
185 27
72 121
15 146
116 137
184 108
76 137
90 104
58 0
7 123
189 187
50 47
128 131
34 135
80 186
55 24
36 127
35 39
171 2
25 51
88 193
41 94
115 38
111 190
134 124
154 82
170 142
176 79
40 157
176 56
0 181
46 140
23 130
144 79
171 36
1 140
129 118
46 153
8 51
176 89
4 139
37 34
10 119
103 137
2 69
49 80
111 118
47 142
132 190
84 129
1 65
61 137
146 54
76 103
145 55
9 86
58 2
114 156
8 41
173 163
89 9
29 107
37 78
11 114
91 35
90 62
2 175
16 130
76 69
46 73
184 188
82 91
175 63
155 138
132 145
5 68
174 71
171 46
162 79
183 25
160 73
85 155
104 79
22 59
20 2
37 164
22 158
112 82
75 179
46 115
112 107
101 22
451 467
31 20
296 400
214 429
163 143
297 443
179 367
323 220
347 369
88 109
154 123
240 301
212 75
265 12
443 113
187 233
283 224
124 425
122 9
199 69
53 402
119 138
438 49
131 138
271 293
312 232
305 213
302 172
378 289
119 166
176 114
136 54
206 19
71 429
319 29
417 349
389 257
254 287
283 197
16 54
34 414
187 382
48 305
83 408
436 360
118 410
154 122
391 84
203 416
280 216
232 171
401 49
3 90
186 33
172 371
76 282
136 86
31 337
138 255
234 303
79 321
181 143
186 266
327 252
6 416
95 129
240 193
96 332
378 7
115 317
445 117
240 197
390 325
137 357
363 188
341 215
14 349
395 14
270 275
115 43
276 105
391 293
288 94
348 216
126 221
256 214
369 157
157 142
217 107
159 324
6 425
168 360
106 352
117 132
442 368
186 74
321 64
157 150
12 201
91 36
346 213
212 159
12 148
308 355
252 371
202 326
426 187
77 96
12 134
410 193
410 174
226 373
339 50
268 193
13 421
355 444
89 55
300 380
12 218
271 31
231 377
88 146
329 113
434 414
399 129
249 169
175 218
53 382
163 425
21 2
242 68
439 449
168 167
94 182
414 428
64 22
262 317
302 411
13 215
380 41
141 444
377 315
374 303
170 406
425 245
130 82
389 269
334 368
62 335
89 114
341 304
119 190
285 58
325 446
238 386
121 396
319 428
59 345
390 220
329 157
168 245
123 146
55 211
410 63
88 322
179 241
291 109
147 14
154 162
93 263
39 83
300 376
254 445
355 188
277 255
325 391
186 315
206 145
356 201
69 328
395 344
211 215
283 100
383 144
288 416
383 214
356 340
251 269
218 27
394 105
149 284
183 364
92 333
186 157
310 285
137 444
190 142
301 65
173 29
191 133
72 89
327 39
356 30
202 92
24 3
300 213
239 169
200 273
173 250
162 304
441 364
202 191
34 362
363 410
256 309
15 109
33 213
120 336
142 250
79 149
13 103
363 387
318 98
222 148
426 163
271 305
359 304
58 149
4 113
302 318
100 2
100 218
262 9
81 335
329 395
309 42
366 201
87 268
244 340
143 101
137 308
209 338
366 203
377 58
316 304
43 111
135 449
76 183
48 203
171 401
70 345
346 246
204 157
359 62
21 238
34 80
166 342
199 71
52 264
350 304
410 415
265 434
212 117
276 136
104 371
202 141
171 225
131 288
421 83
57 435
237 364
305 32
409 406
378 391
60 372
27 99
220 362
441 362
184 31
205 420
169 196
199 233
380 242
49 35
421 141
9 397
382 116
283 113
234 35
100 322
199 264
367 84
77 317
18 201
187 331
234 304
165 141
253 450
98 164
85 415
442 343
54 411
161 444
200 197
380 50
181 448
181 79
256 46
340 59
427 142
434 273
21 399
425 146
366 9
358 218
33 319
120 65
122 5
283 49
258 112
342 150
372 252
161 364
171 342
409 246
4 31
166 374
416 99
62 269
159 374
135 345
377 397
169 345
390 215
70 143
286 39
436 213
227 415
70 259
347 411
121 208
67 201
445 242
105 75
59 26
30 224
28 266
346 197
373 397
15 213
441 406
261 229
51 144
277 220
199 422
135 339
209 179
210 120
177 184
283 138
72 244
210 298
15 84
323 199
302 449
247 330
367 221
106 283
378 55
72 418
212 207
271 156
95 224
254 175
444 352
25 52
219 349
227 189
74 35
315 148
378 329
383 379
178 98
254 71
322 117
115 374
403 340
322 36
91 289
76 113
334 47
236 100
231 433
147 242
238 374
7 306
408 370
440 289
94 273
93 95
236 291
327 381
262 58
72 164
137 111
372 335
200 82
48 333
71 447
16 215
286 128
258 384
79 411
437 201
426 0
200 335
217 250
51 355
114 98
410 406
151 313
60 262
354 273
240 344
363 331
45 251
340 142
165 80
92 260
18 19
263 9
285 284
356 162
181 263
130 318
172 356
128 25
442 8
354 172
341 402
291 212
334 83
176 435
67 395
238 145
102 148
254 204
102 83
80 241
187 373
203 370
408 352
370 64
314 286
382 113
212 368
254 189
273 367
127 375
75 145
0 124
299 258
262 245
361 42
274 302
280 64
2 152
92 386
313 352
93 140
145 121
78 302
49 7
20 172
5 286
7 74
14 194
163 197
175 52
70 216
40 226
243 48
52 144
184 69
0 165
301 40
206 176
41 209
74 69
239 96
109 79
159 24
7 172
231 61
164 54
265 183
298 144
53 309
124 118
2 246
134 215
255 186
108 69
239 277
45 218
270 34
47 274
111 193
286 151
163 157
35 80
287 284
246 68
0 139
103 205
109 203
81 200
165 27
82 197
190 287
269 130
189 293
80 275
217 125
276 42
241 269
146 169
204 218
289 178
33 312
26 35
284 211
279 99
35 171
182 148
170 249
237 306
35 253
298 18
292 64
230 69
234 48
230 240
63 128
0 221
126 307
273 57
159 98
47 136
235 268
195 86
257 61
54 190
138 27
239 43
72 111
9 271
85 41
251 156
132 71
210 38
255 188
36 309
117 71
7 145
5 275
281 7
201 125
116 205
129 199
182 140
86 271
81 157
234 92
296 0
117 173
84 24
38 30
164 195
207 246
245 265
243 264
235 289
258 231
18 199
247 69
59 17
111 229
104 66
273 169
132 230
254 73
109 71
39 140
49 122
35 215
245 263
79 17
155 267
223 86
265 101
112 131
296 235
103 15
75 253
79 228
80 221
251 139
86 178
8 148
223 178
161 93
280 248
214 184
234 251
281 304
103 269
163 199
278 34
102 70
211 154
209 19
124 230
276 302
57 158
245 231
237 302
294 94
37 111
201 91
83 110
227 168
105 146
117 83
163 300
297 101
58 309
5 204
19 275
167 200
196 230
277 307
306 206
234 173
31 110
288 62
303 209
61 94
179 91
0 73
113 311
159 278
34 266
260 30
264 242
57 256
190 118
41 58
282 218
65 224
98 218
195 51
148 136
87 77
148 304
194 272
221 233
95 51
105 174
63 78
26 98
65 231
153 307
258 59
199 73
149 1
47 261
265 72
125 28
65 298
72 177
11 34
288 64
220 96
19 277
40 83
221 216
166 53
276 132
175 204
193 12
234 231
37 242
214 87
68 141
120 75
291 187
25 235
169 160
78 58
301 72
97 232
195 93
162 170
278 226
9 64
90 145
145 161
150 106
220 71
273 7
284 229
265 38
58 91
2 268
264 202
299 251
192 310
255 311
166 121
79 275
196 311
45 138
220 268
219 48
33 219
197 288
214 217
175 73
239 46
14 156
189 244
225 32
25 246
299 5
85 13
103 149
223 288
169 107
259 212
84 196
120 121
284 157
88 13
29 129
87 253
119 170
287 202
169 253
75 141
222 210
291 115
187 267
14 128
65 54
105 92
262 112
49 146
175 251
102 217
90 287
130 265
129 66
192 59
106 107
14 108
207 287
50 149
74 193
223 158
79 45
256 48
39 29
277 205
21 53
175 310
2 115
52 17
191 76
7 31
36 37
105 78
276 38
85 29
123 32
209 137
159 121
49 32
53 139
120 308
207 107
264 260
234 20
180 176
129 176
191 211
25 187
88 230
190 170
291 83
51 309
133 64
270 254
185 121
105 32
24 100
57 3
299 83
50 206
271 19
201 32
106 149
109 161
108 259
90 307
232 22
47 182
191 295
59 312
117 113
286 275
134 105
5 16
105 47
125 58
32 27
63 129
97 127
87 112
41 79
0 95
109 91
51 31
4 69
65 59
57 105
61 1
93 80
85 127
130 47
83 90
117 129
68 91
118 8
107 66
130 16
3 124
30 96
67 132
124 100
71 19
73 63
3 12
49 39
32 15
32 123
109 11
27 31
53 76
45 34
120 77
55 36
128 82
37 47
94 69
50 103
126 93
20 108
17 2
130 73
109 59
11 52
9 4
113 78
106 99
68 4
113 59
81 31
50 6
86 40
79 123
42 109
54 118
48 34
76 18
133 4
14 30
127 8
48 49
5 84
34 60
18 100
42 1
40 73
64 118
107 56
104 6
75 73
94 70
37 27
130 117
33 39
88 73
117 81
110 31
23 18
112 2
125 47
3 115
48 87
57 110
34 46
113 47
113 28
53 86
71 100
30 76
99 47
33 76
19 99
39 18
15 98
111 109
94 64
54 59
117 128
5 112
432 149
49 214
317 168
357 257
151 227
301 118
157 96
209 325
184 297
345 332
331 152
218 385
341 25
26 325
291 79
271 376
121 322
230 178
296 92
306 29
391 86
20 64
62 115
379 48
267 187
230 81
1 152
241 168
266 120
163 24
254 421
314 300
83 329
146 258
205 48
193 9
203 125
224 358
320 318
199 314
119 122
359 206
121 251
74 365
417 93
392 365
194 169
91 169
96 86
220 29
128 73
403 103
161 56
41 81
310 412
301 356
370 301
100 1
70 61
270 363
345 428
392 87
65 412
212 80
374 267
301 348
26 99
147 274
271 428
282 192
391 73
116 160
312 258
250 365
255 247
148 171
190 399
223 274
276 179
327 92
31 156
165 217
271 122
237 344
421 23
420 156
178 234
386 61
150 36
227 354
238 65
251 260
365 127
103 200
54 329
188 234
350 253
147 110
132 185
367 127
335 420
306 113
79 351
77 286
396 333
251 81
393 19
297 324
406 72
391 346
395 251
168 35
85 206
315 289
82 387
409 31
187 308
194 418
218 279
209 359
217 61
133 342
80 154
223 97
166 242
195 220
12 110
3 260
192 35
89 76
427 112
400 408
292 36
224 143
420 97
224 3
283 61
118 178
85 137
262 386
346 260
366 93
152 303
338 64
121 398
65 12
328 118
67 141
241 10
426 322